48333 44238
49156 44249
49156 44252
51801 44713
48134 44714
49421 44715
49156 44716
48134 44717
48333 44718
47380 44719
48134 44720
48134 44721
48134 44722
47596 44723
48333 44724
48333 44725
47877 44726
48134 44727
49421 44729
48333 44731
47877 44732
47877 44733
51816 44734
48333 44735
49421 44736
48134 44737
47380 44738
48134 44739
49421 44740
49156 44741
49421 44742
49421 44743
48134 44744
48333 44746
49156 44747
48333 44748
49421 44751
47596 44752
51801 44753
51801 44754
51801 44757
47877 44758
51801 44759
49156 44760
51801 44761
51801 44762
48333 44763
48333 44764
47877 44765
47877 44766
51801 44767
48333 44768
51801 44770
47877 44771
51801 44772
51801 44914
49421 44915
49421 44917
51816 44918
45202 44920
51722 44921
51816 44922
51722 44923
51801 44924
51974 44925
45202 44926
51974 44927
51974 44928
51801 44929
49421 44930
51722 44931
51974 44932
51816 44933
51801 44934
51816 44937
51722 44938
51974 44939
49421 44940
51816 44941
45202 44942
51722 44943
51801 44944
51974 44945
48134 44946
51816 44947
51722 44949
51722 44950
51974 44951
45202 44952
47877 44953
51974 44954
49421 44955
51974 44956
51816 44957
51801 44959
51722 44961
47877 44963
48134 44964
45202 44966
51722 44967
51722 44968
47877 44969
51816 44970
51974 44972
51801 44973
48134 45044
51974 45045
48333 45046
49421 45047
48134 45048
49421 45049
48134 45050
47877 45051
45202 45052
45202 45053
51816 45054
51801 45057
45202 45058
51722 45059
47877 45060
51974 45061
47877 45062
51974 45064
51974 45065
45202 45066
47877 45067
45202 45068
49156 45071
49156 45072
51801 45073
45202 45074
51974 45075
48134 45076
48134 45078
49421 45079
48134 45080
47877 45081
47877 45082
48134 45083
48333 45084
48333 45085
47877 45086
51801 45087
51974 45088
49421 45089
47877 45090
49156 45092
49156 45093
45202 45094
45202 45095
45202 45096
48134 45098
47877 45099
48134 45100
49421 45101
45202 45102
48333 45103
51816 45178
45202 45179
45202 45180
47380 45181
45202 45182
47596 45183
47596 45184
47596 45185
51974 45186
51974 45187
51816 45188
51974 45189
51816 45190
51974 45191
47596 45192
45202 45193
45202 45194
47596 45195
47380 45196
47380 45197
51974 45198
49421 45199
47380 45201
45202 45202
51801 45204
51974 45205
45202 45206
47380 45207
51816 45208
47380 45209
51816 45210
51722 45212
51722 45213
45202 45214
45202 45215
51974 45217
51974 45219
49421 45221
47380 45222
45202 45223
51722 45225
51722 45226
47380 45227
51816 45228
47596 45229
47596 45230
47380 45231
51722 45232
45202 45233
51974 45234
51722 45235
51801 45236
51974 45237
48333 45360
51722 45361
49156 45362
48333 45364
47596 45365
47380 45366
49156 45367
47380 45368
47380 45369
47877 45370
48134 45371
47596 45372
47380 45373
48134 45374
49156 45375
51801 45376
47380 45377
48333 45378
48333 45379
47380 45380
47380 45381
47877 45382
47380 45383
47877 45384
48333 45386
48134 45387
47877 45388
49156 45389
47380 45390
48134 45391
51816 45392
47877 45393
48134 45394
47596 45395
49156 45396
47596 45397
49156 45398
47380 45399
47877 45400
48134 45401
47380 45402
49156 45403
47596 45404
48134 45405
49156 45406
51722 45407
47877 45408
51722 45409
47596 45411
47596 45412
47877 45413
47877 45414
51816 45415
47596 45416
47596 45417
49156 45418
47596 45419
51816 45531
49156 45532
47380 45533
47596 45534
51722 45535
48333 45536
45202 45537
49156 45538
51801 45539
48333 45540
47380 45541
47596 45542
47380 45543
49156 45544
47596 45545
51722 45546
51722 45547
51816 45548
49156 45550
49156 45551
51816 45552
51722 45553
47596 45554
48333 45555
47596 45556
51722 45557
51816 45558
47596 45559
47596 45560
51722 45561
51974 45562
47380 45563
47380 45564
48333 45565
51816 45566
51816 45567
49156 45568
49156 45569
51816 45570
49156 45571
49156 45572
47380 45573
49156 45574
47596 45575
48333 45576
51816 45577
51722 45578
49421 45579
51722 45580
48333 45581
51816 45582
48333 45583
51722 45584
47380 45586
51722 45587
45202 45588
51816 45589
47596 45590
51816 45658
51816 45659
45202 45660
51722 45661
51974 45662
48333 45663
49156 45665
49156 45666
47596 45667
48333 45668
51722 45669
51722 45670
51722 45671
47380 45672
48333 45673
47380 45674
51974 45675
47596 45676
51722 45677
47596 45678
47596 45679
51722 45680
51722 45681
51974 45682
47596 45683
51816 45684
51816 45685
47380 45686
48333 45688
45202 45689
47596 45690
47380 45691
48333 45692
51816 45693
51816 45694
45202 45695
45202 45696
47380 45697
51974 45698
51974 45699
51722 45700
51816 45701
49421 45702
51974 45703
47380 45704
47596 45705
47596 45706
45202 45707
47380 45708
47596 45709
47596 45710
51816 45711
51816 45712
47596 45713
45202 45714
49421 45730
48134 45731
49421 45732
49421 45733
48333 45734
49156 45735
48333 45736
49156 45738
51801 45739
51801 45740
51974 45741
48333 45742
51974 45743
47877 45744
47877 45745
47877 45746
47877 45747
51801 45748
49421 45750
49421 45751
49421 45752
48134 45753
48134 45754
51801 45755
51801 45756
48333 45757
47877 45758
49156 45759
47596 45760
49156 45761
48333 45762
48333 45763
48333 45764
47877 45766
51801 45767
49156 45768
51801 45769
48333 45770
47877 45771
51801 45772
47596 45773
47380 45774
47380 45775
47380 45776
49421 45777
48333 45778
47877 45779
48333 45780
48134 45781
48333 45782
49156 45783
48333 45784
51801 45785
49156 45786
47596 45787
51816 46027
47596 46028
49156 46029
51722 46030
49156 46031
51816 46032
48333 46033
48333 46034
47380 46035
47877 46036
47877 46037
47380 46038
47380 46039
47596 46040
51722 46041
51816 46042
51816 46043
49156 46044
47596 46045
48333 46047
48333 46048
47877 46049
49156 46051
47380 46052
51816 46053
49156 46054
47380 46055
49156 46056
47596 46058
51722 46059
51722 46060
47596 46061
48333 46062
48333 46063
47596 46064
49156 46065
49156 46066
47596 46067
49156 46068
48333 46069
51816 46070
49156 46071
51722 46072
47380 46073
51722 46074
51816 46075
51722 46076
49156 46077
47380 46078
48333 46079
51816 46080
51722 46081
47380 46082
51722 46083
51801 46117
51722 46118
45202 46119
51816 46120
51974 46121
49421 46122
51974 46123
51974 46124
51801 46125
48134 46126
48134 46127
47877 46128
48134 46129
47877 46130
51722 46131
51816 46132
45202 46133
51801 46134
47877 46135
51816 46136
47877 46137
47877 46138
48134 46140
51722 46141
49421 46142
51801 46144
48134 46146
51974 46147
51974 46148
48134 46149
48134 46150
51722 46151
51801 46152
49421 46153
48134 46154
47877 46155
45202 46156
49156 46157
51816 46158
51722 46159
51801 46160
51816 46161
45202 46162
45202 46163
45202 46164
51816 46165
49421 46166
51816 46167
49421 46168
48134 46169
51974 46171
48134 46172
51722 46173
51974 46174
49421 46325
51974 46326
47380 46327
49421 46328
45202 46329
45202 46330
51722 46331
51974 46332
51816 46333
51816 46334
47596 46335
51801 46336
51722 46337
51801 46338
47380 46340
47380 46341
51974 46342
51974 46343
49421 46344
49421 46345
48333 46346
51801 46347
47380 46348
51816 46349
51801 46350
47596 46351
45202 46352
51816 46353
47380 46354
51722 46355
51974 46356
49421 46357
51801 46358
45202 46359
51722 46360
48134 46361
51974 46362
51722 46363
51974 46364
45202 46365
51816 46366
51816 46368
51722 46370
51801 46371
47596 46372
49421 46374
51816 46375
45202 46376
51974 46380
51722 46382
45202 46383
45202 46384
47380 46532
49421 46533
48333 46534
51801 46535
47380 46537
47877 46538
47596 46541
47596 46542
48134 46543
47380 46544
47877 46545
47596 46546
47380 46547
48134 46548
51801 46549
49156 46550
47877 46552
48134 46553
47380 46554
48333 46556
51801 46557
47877 46558
47596 46559
48333 46560
48134 46561
48134 46562
48333 46563
47877 46564
49156 46565
47380 46566
47596 46567
47877 46569
47877 46570
48134 46572
47380 46573
47877 46574
51722 46575
51801 46576
48134 46577
48333 46578
48333 46579
47596 46580
47380 46581
47877 46582
47596 46583
48333 46584
47380 46585
47380 46586
47877 46588
47596 46589
49156 46591
45202 46671
48333 46672
51801 46673
48134 46674
48134 46675
48134 46677
49156 46679
48134 46680
48333 46681
49421 46682
49421 46684
48333 46685
45202 46686
51801 46687
47877 46689
48333 46690
47877 46691
45202 46692
48333 46693
48134 46694
51801 46696
49156 46698
49156 46699
49421 46700
48333 46701
49421 46702
51801 46703
49156 46704
45202 46705
49421 46706
49421 46707
51974 46709
49156 46710
49421 46711
51801 46712
47877 46713
49156 46714
45202 46715
51801 46716
47877 46717
49156 46718
49421 46719
49156 46720
47877 46722
48134 46723
51974 46725
45202 46726
49421 46727
49421 46740
51816 46741
51974 46742
51816 46743
51801 46744
49421 46745
51722 46746
45202 46747
51801 46748
51722 46749
51801 46751
51722 46752
51816 46753
45202 46754
45202 46755
51974 46756
48134 46757
48134 46758
49421 46759
51816 46760
51801 46763
48134 46764
49421 46765
51974 46766
51816 46767
51816 46768
51816 46770
45202 46772
45202 46774
51816 46776
49421 46779
51722 46780
49421 46781
47877 46782
51974 46783
51974 46784
47877 46785
45202 46786
51816 46787
48134 46788
51801 46789
51974 46790
48134 46791
51801 46792
49421 46793
48134 46794
51722 46796
48134 46798
45202 47122
51816 47124
51974 47126
48134 47128
47877 47129
45202 47130
47877 47133
51816 47134
51801 47135
51801 47136
51816 47137
48134 47138
51974 47139
51974 47141
51801 47143
45202 47144
47877 47145
51722 47147
45202 47148
51722 47149
47877 47150
47877 47151
45202 47152
45202 47153
51974 47154
51801 47155
48134 47157
45202 47158
49421 47161
51974 47162
51816 47163
48134 47164
51816 47165
48134 47166
49421 47167
49421 47168
51974 47170
48134 47171
49421 47173
48134 47174
48134 47175
51974 47177
47877 47178
45202 47179
49421 47181
51974 47349
45202 47350
51974 47351
48333 47352
51801 47353
47596 47354
49421 47355
47596 47356
51722 47357
51722 47358
51974 47359
47380 47360
51974 47361
49156 47362
47596 47363
48333 47366
45202 47367
51816 47368
45202 47369
51974 47370
47596 47371
45202 47372
45202 47373
47596 47374
51974 47375
51974 47376
47596 47377
47596 47378
51722 47379
47380 47380
45202 47381
49421 47382
45202 47383
51974 47384
51722 47385
51816 47386
51974 47387
47380 47388
51974 47389
51722 47390
49421 47391
49421 47392
51801 47393
45202 47394
47596 47395
45202 47396
51816 47397
51974 47398
45202 47399
51974 47400
47380 47401
45202 47402
45202 47403
45202 47404
47380 47405
47596 47406
51722 47407
51816 47408
45202 47548
45202 47549
51801 47550
45202 47551
51801 47552
47596 47554
47380 47555
47596 47556
47380 47557
51974 47558
45202 47559
51816 47560
49421 47561
51816 47562
47596 47563
47596 47564
51801 47565
51801 47566
51974 47567
45202 47568
51974 47569
51816 47570
45202 47571
47380 47572
51974 47573
49421 47574
51974 47575
45202 47576
49421 47577
51974 47578
47596 47579
49421 47580
51722 47581
51801 47582
47380 47583
51801 47585
51816 47586
51816 47587
47380 47588
45202 47589
47380 47590
51816 47591
51722 47592
51816 47593
51722 47594
47596 47595
47596 47596
45202 47597
51722 47598
51801 47599
49421 47600
47596 47601
51974 47602
47380 47603
49421 47604
47380 47606
51722 47607
48333 47620
51722 47621
51722 47622
49421 47623
51974 47624
51974 47625
47596 47626
49421 47627
47380 47628
48134 47629
51816 47630
45202 47632
49156 47633
48333 47634
51801 47635
51974 47636
45202 47637
51801 47638
47380 47639
48333 47640
45202 47641
48333 47642
45202 47643
49156 47644
51974 47645
51722 47646
51722 47647
47596 47648
47596 47649
45202 47650
48333 47651
51816 47652
51816 47653
51816 47654
51816 47655
45202 47656
47596 47657
45202 47658
48134 47659
45202 47660
48333 47661
47596 47662
51974 47663
47596 47664
45202 47665
45202 47666
48333 47667
51722 47668
51801 47669
47380 47670
51722 47671
45202 47672
47380 47673
51816 47674
47380 47675
45202 47676
48333 47677
51816 47679
51801 47722
47877 47723
47596 47724
48333 47725
51801 47726
47380 47727
49421 47728
47877 47729
51801 47730
51801 47731
49156 47732
49156 47733
47877 47734
51816 47735
49156 47736
47380 47737
48333 47738
48134 47739
48333 47740
49421 47741
49156 47742
47877 47743
49156 47744
47877 47745
51801 47746
51801 47747
51801 47748
47877 47749
49156 47750
48333 47751
49156 47752
49421 47753
47596 47754
51801 47756
49156 47757
47877 47760
48134 47761
51801 47762
48333 47763
49156 47764
51801 47766
49421 47767
51801 47768
48333 47769
48333 47770
49421 47771
48333 47772
48333 47773
47877 47774
48333 47775
49156 47776
47596 47777
48333 47778
47596 47779
49156 47780
47877 47781
49421 47787
48134 47788
49421 47789
51801 47790
48333 47791
48134 47792
49156 47793
49156 47794
48134 47795
49156 47796
51974 47797
51801 47798
51801 47799
48333 47800
49156 47801
51974 47802
49421 47803
48134 47804
47877 47805
47877 47806
47877 47807
49421 47808
49421 47809
45202 47810
49421 47811
47877 47812
45202 47813
48333 47814
49156 47815
49156 47816
47877 47817
49421 47818
47877 47819
49156 47820
49421 47821
48134 47822
45202 47823
49156 47824
47877 47825
51801 47826
49156 47827
49156 47828
51801 47829
45202 47830
51801 47831
51974 47832
49156 47833
45202 47834
48333 47835
47877 47836
48333 47837
49421 47838
51801 47839
47877 47840
47877 47841
49156 47842
51974 47843
51974 47844
48134 47845
49421 47846
48134 47860
45202 47861
48134 47862
45202 47863
48134 47864
48134 47865
48134 47866
48134 47867
48134 47868
49421 47869
48134 47870
51974 47871
47380 47872
47877 47873
49421 47874
47877 47875
45202 47876
47877 47877
48333 47878
47877 47879
51816 47880
47877 47881
45202 47882
51974 47883
47877 47884
51801 47885
51801 47886
51974 47887
49156 47888
45202 47889
48333 47890
51801 47891
49156 47892
51974 47894
49421 47895
51974 47896
49421 47897
51974 47898
51974 47899
49156 47900
48333 47901
45202 47902
47877 47903
48333 47904
47877 47905
47596 47906
51974 47907
51974 47908
48134 47909
47877 47910
51974 47911
47877 47912
47877 47913
51974 47914
51974 47915
47877 47916
47877 47917
48333 47918
51801 47919
47877 47977
51974 47978
48134 47979
45202 47980
51722 47981
47877 47982
47877 47985
48134 47988
51801 47989
48333 47990
51974 47991
49156 47992
51816 47993
51816 47994
45202 47995
49156 47996
49421 47997
48134 47998
51801 47999
49421 48000
48333 48002
51801 48003
51816 48005
47877 48008
45202 48009
51801 48010
49421 48011
45202 48012
51816 48013
47877 48014
48134 48016
51722 48018
48134 48019
48333 48020
51974 48021
51816 48022
48134 48023
51722 48026
51816 48027
48134 48028
51722 48029
48134 48030
49421 48031
51801 48033
51974 48034
49421 48036
51722 48092
48333 48093
48134 48094
49156 48095
48333 48096
47877 48097
48134 48098
47380 48099
47596 48100
49156 48101
47380 48102
47380 48103
48134 48104
48333 48105
51722 48106
48333 48107
47596 48108
51801 48109
48134 48110
48134 48111
47380 48112
47380 48113
47596 48114
48333 48115
47380 48116
47596 48117
47877 48118
47877 48119
47877 48120
49156 48121
49156 48122
47596 48123
47596 48124
51801 48125
47380 48126
48333 48127
51722 48128
47877 48129
47596 48130
48333 48131
47596 48132
47596 48133
48134 48134
48134 48135
51801 48136
47380 48137
47596 48138
49156 48139
48333 48140
48134 48141
48134 48142
51816 48143
49156 48144
47596 48145
49156 48146
49156 48147
47877 48148
47380 48149
48134 48150
48134 48151
47380 48276
51816 48277
51974 48278
47596 48279
49156 48280
47596 48281
48333 48282
48333 48283
51722 48284
51974 48285
51722 48286
51722 48287
51722 48288
47596 48289
47596 48290
49156 48291
51722 48292
51816 48293
51816 48294
51816 48295
51816 48296
47380 48297
47380 48298
48333 48299
51722 48300
51722 48301
51722 48302
51722 48303
51722 48304
47596 48305
47596 48306
49156 48307
49156 48308
49156 48309
49156 48310
51816 48311
47380 48312
51816 48313
47380 48314
48333 48315
48333 48316
48333 48317
51722 48318
51722 48319
51722 48320
47596 48321
47596 48322
49156 48323
49156 48324
49156 48325
49156 48326
51816 48327
51816 48328
51816 48329
47380 48330
48333 48331
47380 48332
48333 48333
48333 48334
48333 48335
47380 48353
47380 48354
47380 48355
49421 48356
49421 48357
51974 48358
51974 48359
51974 48360
51722 48361
51816 48362
45202 48363
47596 48364
49421 48365
51974 48366
51974 48367
45202 48368
51722 48369
51722 48370
51801 48371
51801 48372
51801 48373
51801 48374
45202 48375
45202 48376
51816 48377
51816 48378
51816 48379
51801 48380
47380 48381
49421 48382
49421 48383
49421 48384
51974 48385
51722 48386
51816 48387
49421 48388
49421 48389
51974 48390
51974 48391
51722 48392
51722 48393
51722 48394
45202 48395
51801 48396
51801 48397
51801 48398
51801 48399
45202 48400
49421 48401
51816 48402
51816 48403
51816 48404
47380 48405
47380 48406
49421 48407
49421 48408
45202 48409
51801 48410
51722 48411
48134 48412
47596 48428
48134 48429
51722 48430
47877 48431
47596 48432
47596 48433
48134 48434
48134 48435
47380 48436
48333 48437
47380 48438
47380 48439
48333 48440
48333 48441
47877 48442
51801 48443
47596 48444
51801 48445
51801 48446
47596 48447
48333 48448
47596 48449
47596 48450
49156 48451
49156 48452
48134 48453
48134 48454
47380 48455
48134 48456
49156 48458
48134 48459
47596 48460
51801 48461
47596 48462
47596 48463
48134 48464
49156 48465
49421 48466
51801 48467
48134 48468
47596 48469
49156 48470
49156 48471
47380 48472
51801 48473
47380 48474
51801 48475
47380 48476
47877 48478
47877 48479
48333 48480
47596 48481
47380 48482
48333 48483
49421 48484
49421 48485
49421 48486
48134 48487
47380 48553
47380 48554
47596 48555
49156 48556
49156 48557
48134 48558
48333 48559
51816 48561
47380 48562
48134 48563
51816 48564
51816 48565
48134 48566
47596 48567
48333 48568
48134 48569
47380 48570
47380 48571
47380 48572
47877 48573
49156 48574
51722 48575
51722 48576
51722 48577
51816 48578
47596 48579
47380 48580
47596 48581
51816 48582
48134 48583
47877 48584
48333 48585
48333 48586
48333 48587
51722 48588
47596 48589
49156 48591
47596 48592
47596 48593
47380 48594
47380 48595
51722 48596
47596 48597
47877 48598
51816 48599
47877 48600
51722 48602
49156 48603
49156 48604
51722 48638
47596 48639
49156 48640
51722 48641
48333 48642
47596 48643
47596 48644
49156 48645
49156 48646
49156 48647
47596 48648
48134 48649
51816 48650
47380 48651
47380 48652
47380 48653
48333 48654
48333 48655
48333 48656
47877 48657
51722 48658
51722 48659
51722 48660
51722 48661
47596 48662
47596 48663
47596 48664
51722 48665
48333 48666
47596 48667
49156 48668
49156 48669
49156 48670
51816 48671
51816 48672
51816 48673
47380 48674
48333 48675
48333 48676
48333 48677
48333 48678
51722 48679
51722 48680
48333 48681
51722 48682
47380 48683
49156 48684
51722 48685
47596 48686
51816 48687
51816 48688
45202 48689
49156 48690
48333 48691
51722 48692
48333 48693
49156 48694
51722 48695
47596 48696
48333 48697
47380 48879
47380 48880
47380 48881
49421 49131
45202 49132
45202 49133
51816 49134
45202 49135
51974 49136
51974 49137
51974 49138
49156 49139
49156 49140
48134 49141
48134 49142
51974 49143
48134 49144
51974 49145
48333 49146
49421 49147
47877 49148
49421 49149
51974 49150
48333 49151
45202 49152
47877 49153
47877 49154
49156 49155
49156 49156
45202 49157
45202 49158
51974 49159
51722 49160
51974 49161
47877 49162
45202 49163
49156 49164
47877 49165
45202 49166
45202 49167
48134 49168
49156 49169
48134 49170
45202 49171
48333 49172
49421 49173
51974 49174
45202 49175
48333 49176
51974 49177
51974 49178
48333 49179
49156 49180
47877 49181
51801 49408
51801 49409
51801 49410
51801 49411
51801 49412
47596 49413
45202 49414
49156 49415
49421 49416
49156 49417
49156 49418
48134 49419
49156 49420
49421 49421
49156 49422
48333 49423
49421 49424
48333 49425
49421 49426
48333 49427
51801 49428
48333 49430
48134 49431
49156 49432
49156 49433
47877 49434
49156 49435
49156 49436
48134 49437
48134 49438
48333 49439
49421 49440
48333 49441
49421 49442
48333 49443
49421 49444
48134 49445
47380 49446
49421 49447
49156 49448
49421 49449
48134 49450
49421 49451
47877 49452
48333 49453
48333 49454
47877 49455
47877 49456
47877 49457
48333 49458
51801 49459
51801 49460
47596 49724
48333 49725
49156 49726
49156 49727
47596 49728
47596 49729
51801 49730
47596 49731
47877 49732
47877 49733
47380 49734
47877 49735
47380 49736
47380 49737
48134 49738
48333 49739
49156 49740
48134 49741
47596 49742
48134 49743
47596 49744
49156 49745
51722 49746
47596 49747
47877 49748
47596 49749
48333 49750
47877 49751
51816 49752
48333 49753
47380 49754
47380 49755
49156 49756
48134 49757
49156 49758
48134 49759
47596 49760
49156 49761
51722 49762
47596 49763
47877 49764
51722 49765
48333 49766
47877 49767
47380 49768
48333 49769
47380 49770
47380 49771
49421 50156
49156 50157
48134 50158
48134 50159
48134 50160
49156 50161
47596 50162
49421 50163
49421 50165
45202 50166
51974 50167
49156 50168
51974 50169
49156 50170
49156 50171
48134 50172
51801 50173
51974 50174
49156 50175
49421 50176
48134 50177
47877 50178
49421 50179
48333 50180
47877 50181
47877 50182
47877 50183
48333 50185
49421 50186
45202 50187
51801 50188
51801 50189
49156 50190
45202 50191
49156 50192
45202 50193
48134 50194
49156 50195
49421 50196
48134 50197
48333 50198
51801 50199
49421 50200
48333 50201
51801 50202
49421 50203
47877 50204
49156 50205
47877 50206
47877 50207
47877 50803
49156 50804
48134 50805
48134 50806
47380 50807
47380 50808
47380 50809
47380 50810
47380 50811
49156 50812
47877 50813
47596 50814
47877 50815
48134 50816
51801 50817
49156 50818
47596 50819
48134 50820
47380 50821
47380 50822
47596 50823
48333 50824
47380 50825
47877 50826
48134 50827
48134 50828
49156 50829
51801 50830
48333 50831
51801 50832
48333 50833
49156 50834
49156 50835
47596 50836
48333 50837
47380 50838
48134 50839
47380 50840
48134 50841
47380 50842
49156 50843
48333 50844
47596 50845
48333 50846
48134 50847
47877 50848
47380 50849
48134 50850
47877 50851
47877 51104
51816 51105
51974 51106
51974 51107
51816 51108
47877 51109
48134 51110
51722 51111
48134 51112
51974 51113
48134 51114
51722 51115
49421 51116
51801 51117
47877 51118
51801 51119
45202 51120
47877 51121
45202 51122
45202 51123
49421 51124
51722 51125
51974 51126
51974 51127
47877 51128
49421 51129
51722 51130
47877 51131
51722 51132
51801 51133
48134 51134
51801 51135
45202 51136
51816 51137
45202 51138
48134 51139
45202 51140
48134 51141
47877 51142
51722 51143
48134 51144
51722 51145
51816 51146
51974 51147
51722 51148
47877 51149
49421 51150
51801 51151
47877 51152
51974 51460
48134 51461
48134 51462
47877 51463
51974 51464
51974 51465
47877 51467
51974 51468
49421 51469
48134 51471
47877 51472
48134 51714
51801 51715
51722 51716
49421 51717
51974 51718
51801 51719
51722 51720
45202 51721
51722 51722
49421 51723
51801 51724
51816 51725
51974 51726
51722 51727
51722 51728
47877 51729
51722 51730
51974 51731
51722 51732
51974 51733
51801 51734
51801 51735
45202 51736
47877 51737
51816 51738
51974 51739
48134 51740
51816 51741
51816 51742
49421 51743
49421 51744
51722 51745
47877 51746
49421 51747
45202 51748
51801 51749
51816 51750
51801 51751
47877 51752
45202 51753
51816 51754
51816 51755
48134 51756
51722 51757
51722 51758
51974 51759
51974 51768
51801 51769
48134 51770
49421 51771
45202 51772
49421 51773
49421 51774
48134 51775
51801 51776
51722 51777
49421 51778
51816 51779
49421 51780
48134 51781
51974 51782
45202 51783
51816 51784
51722 51785
49421 51786
51816 51787
49421 51788
45202 51789
49421 51790
51816 51791
51722 51792
51801 51793
51816 51794
51722 51795
45202 51796
51722 51797
47380 51798
51801 51799
51816 51800
51801 51801
51722 51802
51816 51803
49421 51804
48134 51805
51801 51806
51974 51807
45202 51808
51816 51809
51801 51810
45202 51811
51816 51812
51722 51813
49421 51814
45202 51815
51816 51816
45202 51817
51801 51852
51974 51853
47380 51854
45202 51855
45202 51856
47380 51857
45202 51858
45202 51859
51722 51860
51722 51861
51722 51862
49421 51863
47596 51864
49421 51865
51801 51866
49421 51867
45202 51868
47380 51869
51974 51870
47380 51871
51974 51872
51801 51873
51722 51874
51801 51875
47596 51876
51816 51877
51801 51878
47380 51879
49421 51880
49421 51881
51722 51882
51801 51883
51722 51884
51816 51885
49421 51886
51816 51887
45202 51888
51801 51889
51722 51890
47380 51891
47596 51892
45202 51893
45202 51894
45202 51895
45202 51896
47596 51897
51816 51898
49421 51956
47596 51957
51974 51958
47596 51959
47380 51960
51722 51961
45202 51962
49421 51963
45202 51964
45202 51965
51816 51966
47596 51967
51816 51968
51816 51969
51974 51970
47380 51971
47380 51972
49421 51973
51974 51974
45202 51975
49421 51976
51974 51977
51974 51978
47380 51979
47596 51980
51974 51981
47596 51982
47596 51983
51816 51984
51722 51985
51816 51986
45202 51987
47380 51988
51816 51989
49421 51990
45202 51991
51801 51992
47380 51993
47596 51994
51974 51995
47596 51996
47596 51997
47380 51998
47596 51999
47380 52000
51974 52001
47380 52002
51974 52003
51801 52088
51722 52089
47596 52090
51722 52091
47596 52092
49156 52093
51722 52094
48333 52095
51816 52096
47596 52098
51816 52100
49156 52101
47380 52102
51722 52103
48333 52105
47596 52106
