48645 44238
48286 44252
50162 44713
45689 44714
48651 44715
45689 44716
45689 44717
50841 44718
50841 44719
45689 44720
48651 44721
48651 44722
47750 44723
49736 44724
47990 44725
49736 44726
45689 44727
50841 44729
50841 44731
48286 44732
48286 44733
48651 44734
47990 44735
48651 44736
45689 44737
50841 44738
50841 44739
48651 44740
47750 44741
48286 44742
50841 44743
45689 44744
50841 44746
47750 44747
47990 44748
48651 44751
47750 44752
50162 44753
48286 44754
50162 44757
47990 44758
50162 44759
47992 44760
47750 44761
50162 44762
47990 44763
50162 44764
48286 44765
48286 44766
50162 44767
47990 44768
47750 44770
48286 44771
48286 44772
48645 44914
49736 44915
52113 44917
47992 44918
47750 44920
47990 44921
47992 44922
46160 44923
48645 44924
46160 44925
48645 44926
50841 44927
47990 44928
48645 44929
52113 44930
47750 44931
49736 44932
47750 44933
48645 44934
47992 44937
47990 44938
47990 44939
49736 44940
47750 44941
52113 44942
47990 44943
48645 44944
50841 44945
52113 44946
47992 44947
46160 44949
47992 44950
50841 44951
47750 44952
46160 44953
50841 44954
52113 44955
50841 44956
47750 44957
46160 44959
46160 44961
50162 44963
52113 44964
50162 44966
47990 44967
47990 44968
46160 44969
47992 44970
50841 44972
50162 44973
47992 45044
50841 45045
46160 45046
48651 45047
52113 45048
50162 45049
47992 45050
47990 45051
50162 45052
47750 45053
47750 45054
46160 45057
50162 45058
47990 45059
47990 45060
50841 45061
46160 45062
50841 45064
50841 45065
50162 45066
47990 45067
47750 45068
47992 45071
47750 45072
46160 45073
50162 45074
48651 45075
48651 45076
47750 45078
48651 45079
47992 45080
47990 45081
46160 45082
52113 45083
50841 45084
47990 45085
50162 45086
48286 45087
50841 45088
48651 45089
47990 45090
47750 45092
47992 45093
50162 45094
50162 45095
50162 45096
47992 45098
46160 45099
48651 45100
48651 45101
47750 45102
50841 45103
45689 45178
45689 45179
47990 45180
52113 45181
48645 45182
46160 45183
46160 45184
46160 45185
48286 45186
48286 45187
45689 45188
49736 45189
47992 45190
52113 45191
46160 45192
48645 45193
48645 45194
49736 45195
47992 45196
52113 45197
49736 45198
52113 45199
47992 45201
47992 45202
48645 45204
49736 45205
47750 45206
47992 45207
47992 45208
50162 45209
47992 45210
47990 45212
49736 45213
45689 45214
45689 45215
49736 45217
49736 45219
49736 45221
52113 45222
48645 45223
47990 45225
47990 45226
47992 45227
47992 45228
46160 45229
46160 45230
50841 45231
47990 45232
45689 45233
49736 45234
47990 45235
48645 45236
49736 45237
49736 45360
48286 45361
45689 45362
49736 45364
50162 45365
48651 45366
47750 45367
50841 45368
50841 45369
49736 45370
45689 45371
47750 45372
45689 45373
48651 45374
48645 45375
48286 45376
50841 45377
49736 45378
50841 45379
49736 45380
48651 45381
48286 45382
50841 45383
49736 45384
49736 45386
45689 45387
48286 45388
48645 45389
48651 45390
45689 45391
45689 45392
48286 45393
48651 45394
50162 45395
48645 45396
50162 45397
48645 45398
48651 45399
45689 45400
45689 45401
48651 45402
48645 45403
50162 45404
45689 45405
48645 45406
50162 45407
48286 45408
48286 45409
50841 45411
48645 45412
49736 45413
48286 45414
48651 45415
50162 45416
50162 45417
45689 45418
50162 45419
48651 45531
48645 45532
46160 45534
49736 45535
49736 45536
49736 45537
45689 45538
52113 45540
52113 45541
48645 45542
52113 45543
45689 45544
50162 45545
48286 45546
48286 45547
48651 45548
48645 45550
48645 45551
48286 45553
46160 45554
52113 45555
46160 45556
48286 45557
48651 45558
48286 45559
46160 45560
47990 45561
49736 45562
52113 45563
52113 45564
49736 45565
48651 45566
45689 45567
46160 45568
45689 45569
45689 45570
46160 45571
48645 45572
52113 45573
48645 45574
45689 45575
49736 45576
52113 45577
48286 45578
49736 45579
48286 45580
49736 45581
45689 45582
52113 45583
48286 45584
52113 45586
48286 45587
45689 45588
45689 45589
48645 45590
47992 45658
45689 45659
45689 45660
46160 45661
48286 45662
49736 45663
48645 45665
48645 45666
48645 45667
52113 45668
48286 45669
47990 45670
48286 45671
52113 45672
52113 45673
52113 45674
52113 45675
46160 45676
46160 45677
46160 45678
46160 45679
48286 45680
48286 45681
48286 45682
46160 45683
45689 45684
47992 45685
52113 45686
48286 45688
45689 45689
48286 45690
52113 45691
52113 45692
45689 45693
47992 45694
45689 45695
48645 45696
47992 45697
49736 45698
48286 45699
47990 45700
47992 45701
49736 45702
49736 45703
47992 45704
46160 45705
48645 45706
48645 45707
52113 45708
46160 45709
46160 45710
45689 45711
47992 45712
48645 45713
48645 45714
48651 45730
47992 45731
48651 45732
50841 45733
47990 45734
50162 45735
45689 45736
47992 45738
48286 45739
47750 45740
50841 45741
47990 45742
48651 45743
48286 45744
50162 45745
47990 45746
47990 45747
48286 45748
48651 45750
48651 45751
45689 45753
45689 45754
50162 45755
47750 45756
47990 45757
48286 45758
47750 45759
47750 45760
48286 45761
50162 45762
47990 45764
48286 45766
48286 45767
47750 45768
48286 45769
49736 45770
48286 45771
50162 45772
47750 45773
50841 45774
50841 45775
48651 45776
48651 45777
49736 45778
48286 45779
50841 45780
45689 45781
49736 45782
45689 45783
47990 45784
50162 45785
47750 45786
47750 45787
45689 46027
48645 46028
48645 46029
50162 46030
48286 46031
48651 46032
49736 46033
49736 46034
48651 46035
49736 46036
48286 46037
52113 46038
48651 46039
50162 46040
48286 46041
45689 46042
48651 46043
48645 46044
50162 46045
49736 46047
49736 46048
48286 46049
48645 46051
48651 46052
48651 46053
45689 46054
48651 46055
48645 46056
50162 46058
48286 46059
50162 46060
48645 46061
52113 46062
52113 46063
48645 46064
48645 46065
48645 46066
46160 46067
48286 46068
52113 46069
48651 46070
48645 46071
48286 46072
52113 46073
49736 46074
48651 46075
46160 46076
45689 46077
52113 46078
49736 46079
45689 46080
48286 46081
48651 46082
48286 46083
46160 46117
46160 46118
48645 46119
47750 46120
50841 46121
48651 46122
50841 46123
50841 46124
46160 46125
47992 46126
52113 46127
50162 46128
47992 46129
46160 46130
47990 46131
47750 46132
50162 46133
50162 46134
47990 46135
47750 46136
46160 46137
46160 46138
52113 46140
47990 46141
50841 46142
50162 46144
52113 46146
50841 46147
50841 46148
47992 46149
52113 46150
47990 46151
48645 46152
52113 46153
52113 46154
46160 46155
50162 46156
47992 46157
47992 46158
47990 46159
46160 46160
47750 46161
47750 46162
47750 46163
47750 46164
47750 46165
52113 46166
47992 46167
48651 46168
47992 46169
50841 46171
52113 46172
47990 46173
50841 46174
52113 46325
49736 46326
47992 46327
49736 46328
48645 46329
47750 46330
47990 46331
49736 46332
47992 46333
47992 46334
46160 46335
48645 46336
47990 46337
48645 46338
52113 46340
47992 46341
49736 46342
47990 46343
52113 46344
52113 46345
47990 46346
48645 46347
47992 46348
52113 46349
48645 46350
46160 46351
47750 46352
47992 46353
52113 46354
47990 46355
49736 46356
49736 46357
48645 46358
47750 46359
47990 46360
47992 46361
50841 46362
47990 46363
50841 46364
48645 46365
47750 46366
47992 46368
47990 46370
46160 46371
47990 46372
52113 46374
47992 46375
47750 46376
49736 46380
46160 46382
45689 46383
45689 46384
50841 46532
48651 46533
49736 46534
48286 46535
50841 46537
48286 46538
47750 46541
47750 46542
45689 46543
45689 46544
49736 46545
50162 46546
50841 46547
48651 46548
50162 46549
47750 46550
48286 46552
45689 46553
50841 46554
49736 46556
50162 46557
48286 46558
50162 46559
49736 46560
48651 46561
48651 46562
49736 46563
50162 46564
45689 46565
48651 46566
50162 46567
48286 46569
50162 46570
45689 46572
50841 46573
48286 46574
50162 46575
50162 46576
48651 46577
49736 46578
49736 46579
50162 46580
50841 46581
49736 46582
47750 46583
49736 46584
48651 46585
50841 46586
48286 46588
50162 46589
48645 46591
50162 46671
47990 46672
50162 46673
47992 46674
47992 46675
48651 46677
47992 46679
47992 46680
47990 46681
48651 46682
48651 46684
47990 46685
50162 46686
47750 46687
46160 46689
47990 46690
47990 46691
50162 46692
47990 46693
45689 46694
50162 46696
47992 46698
47750 46699
47750 46700
50841 46701
45689 46702
50162 46703
47992 46704
50162 46705
48651 46706
50841 46707
48651 46709
47992 46710
50841 46711
48286 46712
48286 46713
50162 46714
47750 46715
50162 46716
48286 46717
47992 46718
48651 46719
46160 46722
45689 46723
48651 46725
50162 46726
50841 46727
52113 46740
47750 46741
47992 46742
47992 46743
48645 46744
48651 46745
46160 46746
47750 46747
48645 46748
46160 46749
46160 46751
47990 46752
47992 46753
47750 46754
47750 46755
50841 46756
52113 46757
52113 46758
52113 46759
47992 46760
47750 46763
52113 46764
49736 46765
50841 46766
47750 46767
47750 46768
48645 46770
47750 46772
47992 46774
50841 46776
50841 46779
47990 46780
52113 46781
46160 46782
50841 46783
50841 46784
46160 46785
50162 46786
47750 46787
47992 46788
48645 46789
50841 46790
52113 46791
46160 46792
50841 46793
52113 46794
47990 46796
52113 46798
46160 47122
47750 47124
50841 47126
47750 47128
47990 47129
50162 47130
46160 47133
47992 47134
50162 47135
50162 47136
47992 47137
47992 47138
50841 47139
50841 47141
46160 47143
47750 47144
47990 47147
47750 47148
47990 47149
46160 47150
46160 47151
47750 47152
47750 47153
48651 47154
48645 47155
52113 47157
50162 47158
50841 47161
50841 47162
47750 47163
47992 47164
47992 47165
47750 47166
52113 47167
50841 47170
52113 47171
50841 47173
52113 47174
47992 47175
50841 47177
46160 47178
47750 47179
52113 47181
48286 47349
45689 47350
49736 47351
52113 47352
48645 47353
46160 47354
49736 47355
46160 47356
46160 47357
47990 47358
49736 47359
52113 47360
49736 47361
48645 47362
46160 47363
49736 47366
45689 47367
45689 47368
45689 47369
47990 47370
48645 47371
45689 47372
45689 47373
48286 47374
48286 47375
48286 47376
46160 47377
46160 47378
47990 47379
47992 47380
45689 47381
52113 47382
45689 47383
48286 47384
47990 47385
47992 47386
49736 47387
52113 47388
49736 47389
48286 47390
49736 47391
49736 47392
48645 47393
45689 47394
47990 47395
45689 47396
47992 47397
49736 47398
45689 47399
49736 47400
52113 47401
45689 47402
48645 47403
45689 47404
52113 47405
46160 47406
47990 47407
47992 47408
45689 47548
47750 47549
48645 47550
45689 47551
48645 47552
48645 47554
47992 47555
46160 47556
52113 47557
49736 47558
47750 47559
47992 47560
52113 47561
47992 47562
46160 47563
46160 47564
48645 47565
48645 47566
49736 47567
45689 47568
50162 47569
47750 47570
48645 47571
47992 47572
47990 47573
49736 47574
48286 47575
48645 47576
49736 47577
49736 47578
46160 47579
49736 47580
47990 47581
48645 47582
47992 47583
48645 47585
47992 47586
47992 47587
52113 47588
45689 47589
47992 47590
47992 47591
47990 47592
45689 47593
48286 47594
46160 47595
46160 47596
48645 47597
47990 47598
46160 47599
49736 47600
46160 47601
49736 47602
52113 47603
52113 47604
52113 47606
47990 47607
49736 47620
48286 47621
46160 47622
52113 47623
48286 47624
48286 47625
46160 47626
49736 47627
52113 47628
47992 47629
45689 47630
47750 47632
48645 47633
52113 47634
46160 47635
49736 47636
48645 47637
46160 47638
52113 47639
52113 47640
47750 47641
52113 47642
45689 47643
48645 47644
49736 47645
47990 47646
46160 47647
46160 47648
46160 47649
45689 47650
49736 47651
45689 47652
47992 47653
45689 47654
48651 47655
48645 47656
46160 47657
48645 47658
52113 47659
50162 47660
49736 47661
46160 47662
47990 47663
46160 47664
45689 47665
45689 47666
52113 47667
48286 47668
52113 47669
52113 47670
48286 47671
48645 47672
52113 47673
45689 47674
47992 47675
47750 47676
49736 47677
45689 47679
48286 47722
49736 47723
48645 47724
47990 47725
50162 47726
48651 47727
45689 47728
49736 47729
50162 47730
48286 47731
48645 47732
47750 47733
48286 47734
48651 47735
45689 47736
46160 47737
47990 47738
48651 47739
47990 47740
48651 47741
45689 47742
48286 47743
45689 47744
48286 47745
48286 47746
48286 47747
50162 47748
48286 47749
47750 47750
50841 47751
47750 47752
50841 47753
50162 47754
50162 47756
45689 47757
48286 47760
45689 47761
50162 47762
47990 47763
47750 47764
48286 47766
48651 47767
48286 47768
49736 47769
50841 47770
48651 47771
47990 47772
47990 47773
47990 47774
50841 47775
47750 47776
47750 47777
50841 47778
50841 47779
47750 47780
47990 47781
50841 47787
45689 47788
50841 47789
48286 47790
47990 47791
48651 47792
47992 47793
47750 47794
45689 47795
47750 47796
50841 47797
50162 47798
50162 47799
47990 47800
47750 47801
48651 47802
48651 47803
47992 47804
47990 47805
47990 47806
48286 47807
48651 47808
48651 47809
50162 47810
48651 47811
46160 47812
47750 47813
47990 47814
47992 47815
47750 47816
48286 47817
48651 47818
46160 47819
47750 47820
48651 47821
47992 47822
50162 47823
47992 47824
50162 47825
50162 47826
47992 47827
47992 47828
50162 47829
50162 47830
50162 47831
47990 47832
47992 47833
47750 47834
47990 47835
46160 47836
50841 47837
48651 47838
50162 47839
48286 47840
48286 47841
47992 47842
50841 47843
50841 47844
47992 47845
48651 47846
52113 47860
50162 47861
47992 47862
50162 47863
47992 47864
48651 47865
47992 47866
48651 47867
48651 47868
48651 47869
47992 47870
48651 47871
50162 47872
46160 47873
50841 47874
50162 47875
47750 47876
46160 47877
47990 47878
46160 47879
47992 47880
46160 47881
47750 47882
50841 47883
46160 47884
50162 47885
50162 47886
50841 47887
47992 47888
50162 47889
50162 47890
50162 47891
47750 47892
50841 47894
48651 47895
50841 47896
48651 47897
50841 47898
50841 47899
47992 47900
47990 47901
50162 47902
50841 47903
47990 47904
47990 47905
48286 47906
50841 47907
50841 47908
47992 47909
47990 47910
50841 47911
46160 47912
47990 47913
48651 47914
48651 47915
46160 47916
47990 47917
47990 47918
46160 47919
46160 47977
50841 47978
52113 47979
50162 47980
47990 47981
46160 47982
46160 47985
50162 47989
47990 47990
50841 47991
47992 47992
47992 47993
47750 47994
50162 47995
47750 47996
52113 47997
47992 47998
50162 47999
50162 48000
50841 48002
48645 48003
47992 48005
47990 48008
47750 48009
48645 48010
50841 48011
48651 48012
47750 48013
46160 48014
48651 48016
47990 48018
52113 48019
47990 48020
48651 48021
47992 48022
52113 48023
47990 48026
47992 48027
48651 48028
47990 48029
47992 48030
48651 48031
46160 48033
50841 48034
49736 48036
48286 48092
50841 48093
45689 48094
45689 48095
50841 48096
48286 48097
45689 48098
48651 48099
50162 48100
45689 48101
50841 48102
48651 48103
45689 48104
52113 48105
50162 48106
49736 48107
47750 48108
50162 48109
45689 48110
48651 48111
50841 48112
50841 48113
47750 48114
49736 48115
50841 48116
50162 48117
49736 48118
48286 48119
49736 48120
48645 48121
48645 48122
50162 48123
47750 48124
48286 48125
50841 48126
49736 48127
48286 48128
48286 48129
50162 48130
49736 48131
50162 48132
47750 48133
45689 48134
45689 48135
48286 48136
48651 48137
47750 48138
48645 48139
49736 48140
48651 48141
45689 48142
48651 48143
48645 48144
47750 48145
47750 48146
45689 48147
49736 48148
48651 48149
48651 48150
45689 48151
47992 48276
47992 48277
47990 48278
47990 48279
48645 48280
46160 48281
52113 48282
49736 48283
49736 48284
48286 48285
48286 48286
48286 48287
46160 48288
46160 48289
46160 48290
48645 48291
46160 48292
45689 48293
45689 48294
45689 48295
48651 48296
48651 48297
52113 48298
52113 48299
49736 48300
48286 48301
48286 48302
48286 48303
48286 48304
46160 48305
46160 48306
48645 48307
48645 48308
48645 48309
45689 48310
45689 48311
48651 48312
48651 48313
52113 48314
52113 48315
52113 48316
52113 48317
48286 48318
48286 48319
48286 48320
50162 48321
46160 48322
48645 48323
48645 48324
48645 48325
45689 48326
45689 48327
48651 48328
48651 48329
48651 48330
52113 48331
52113 48332
52113 48333
49736 48334
49736 48335
47992 48353
47992 48354
52113 48355
52113 48356
52113 48357
49736 48358
49736 48359
47990 48360
47990 48361
47992 48362
48645 48363
46160 48364
52113 48365
50841 48366
47990 48367
48645 48368
47990 48369
47990 48370
46160 48371
48645 48372
48645 48373
48645 48374
48645 48375
47750 48376
47750 48377
47992 48378
47992 48379
48645 48380
52113 48381
52113 48382
52113 48383
49736 48384
49736 48385
47990 48386
47992 48387
52113 48388
49736 48389
50841 48390
50841 48391
47990 48392
47990 48393
46160 48394
47750 48395
46160 48396
48645 48397
48645 48398
48645 48399
47750 48400
49736 48401
47750 48402
47750 48403
47992 48404
47992 48405
52113 48406
52113 48407
49736 48408
47750 48409
46160 48410
47990 48411
52113 48412
50162 48428
48651 48429
50162 48430
49736 48431
50162 48432
48286 48433
48651 48434
45689 48435
50841 48436
49736 48437
50841 48438
50841 48439
50841 48440
49736 48441
49736 48442
48286 48443
48286 48444
50162 48445
50162 48446
47750 48447
49736 48448
47750 48449
47750 48450
47750 48451
45689 48452
45689 48453
45689 48454
45689 48455
48651 48456
45689 48458
45689 48459
47750 48460
48286 48461
47750 48462
47750 48463
45689 48464
47750 48465
48651 48466
50162 48467
45689 48468
47750 48469
47750 48470
45689 48471
50841 48472
50162 48473
48651 48474
48286 48475
50841 48476
48286 48478
48286 48479
47990 48480
47750 48481
50841 48482
50841 48483
48651 48484
50841 48485
48651 48486
48651 48487
52113 48553
48651 48554
50162 48555
48645 48556
48645 48557
48645 48558
49736 48559
48651 48561
48651 48562
45689 48563
48651 48564
48651 48565
48645 48566
48286 48567
49736 48568
45689 48569
48651 48570
48651 48571
48651 48572
49736 48573
48645 48574
48286 48575
48286 48576
48286 48577
48651 48578
50162 48579
48651 48580
46160 48581
45689 48582
45689 48583
49736 48584
50841 48585
49736 48586
49736 48587
50162 48588
50162 48589
48645 48591
48645 48592
50162 48593
48651 48594
45689 48595
50162 48596
48286 48597
49736 48598
45689 48599
48286 48600
48286 48602
48645 48603
48645 48604
48286 48638
48645 48639
48645 48640
50162 48641
48286 48642
48645 48643
48645 48644
48645 48645
48645 48646
45689 48647
50162 48648
45689 48649
48651 48650
48651 48651
48651 48652
52113 48653
52113 48654
49736 48655
49736 48656
49736 48657
48286 48658
48286 48659
50162 48660
48286 48661
50162 48662
50162 48663
48645 48664
48286 48665
49736 48666
48645 48667
48645 48668
48645 48669
45689 48670
45689 48671
48651 48672
48651 48673
52113 48674
52113 48675
52113 48676
49736 48677
49736 48678
48286 48679
48286 48680
48286 48681
48286 48682
52113 48683
48645 48684
48286 48685
46160 48686
45689 48687
45689 48688
45689 48689
48645 48690
52113 48691
48286 48692
49736 48693
48645 48694
48286 48695
46160 48696
52113 48697
47992 48879
47992 48880
47992 48881
48651 49131
50162 49132
47750 49133
47750 49134
46160 49135
50841 49136
47990 49137
47992 49138
50162 49139
47992 49140
52113 49141
47992 49142
46160 49143
52113 49144
48651 49145
46160 49146
47992 49147
46160 49148
52113 49149
50841 49150
50841 49151
50162 49152
47990 49153
50162 49154
50162 49155
50162 49156
50162 49157
50162 49158
50841 49159
47990 49160
50841 49161
46160 49162
47992 49163
52113 49164
46160 49165
47992 49166
48645 49167
48651 49168
52113 49169
52113 49170
50162 49171
46160 49172
50841 49173
50841 49174
47750 49175
50841 49176
52113 49177
50841 49178
48651 49179
52113 49180
48645 49181
45689 49408
47750 49409
47992 49410
45689 49411
47750 49412
45689 49413
47992 49414
48651 49415
48651 49416
48651 49417
48651 49418
50841 49419
48651 49420
47990 49421
50841 49422
48286 49423
47990 49424
48286 49425
48286 49426
50162 49427
47750 49428
50162 49430
50841 49431
50841 49432
48651 49433
47750 49434
48651 49435
48651 49436
50841 49437
50841 49438
48286 49439
47990 49440
50162 49441
47990 49442
50162 49443
48286 49444
50841 49445
48286 49446
47990 49447
50841 49448
47990 49449
47990 49450
48286 49451
50162 49452
48286 49453
48286 49454
47750 49455
50162 49456
47750 49457
50162 49458
47992 49459
47992 49460
48651 49724
48286 49725
48651 49726
48651 49727
45689 49728
45689 49729
48645 49730
45689 49731
50162 49732
48645 49733
48286 49734
47750 49735
49736 49736
49736 49737
49736 49738
50162 49739
48651 49740
50841 49741
48651 49742
50841 49743
45689 49744
48651 49745
48645 49746
45689 49747
50162 49748
48645 49749
50162 49750
48645 49751
49736 49752
50162 49753
49736 49754
48286 49755
48651 49756
49736 49757
48651 49758
50841 49759
45689 49760
48651 49761
48645 49762
45689 49763
50162 49764
48645 49765
50162 49766
48645 49767
48286 49768
50162 49769
48286 49770
48286 49771
47990 50156
48651 50157
50841 50158
47990 50159
50841 50160
48651 50161
50162 50162
47990 50163
47990 50165
48651 50166
46160 50167
48651 50168
48286 50169
50841 50170
47992 50171
47990 50172
47992 50173
46160 50174
48651 50175
47990 50176
50841 50177
47992 50178
47990 50179
50162 50180
50162 50181
47750 50182
47750 50183
50162 50185
46160 50186
47992 50187
47992 50188
47992 50189
48651 50190
48651 50191
50841 50192
48651 50193
50841 50194
48651 50195
47990 50196
47990 50197
48286 50198
47750 50199
47990 50200
50162 50201
47992 50202
48286 50203
47750 50204
48286 50205
50162 50206
50162 50207
47750 50803
50841 50804
50841 50805
49736 50806
48286 50807
49736 50808
49736 50809
48286 50810
50162 50811
48651 50812
50162 50813
45689 50814
47750 50815
50841 50816
48645 50817
48651 50818
45689 50819
50841 50820
48286 50821
49736 50822
45689 50823
48286 50824
49736 50825
50162 50826
50841 50827
50841 50828
48651 50829
47750 50830
47750 50831
45689 50832
50162 50833
48651 50834
50841 50835
45689 50836
48286 50837
48286 50838
49736 50839
49736 50840
50841 50841
49736 50842
48651 50843
50162 50844
45689 50845
50162 50846
50841 50847
47750 50848
48286 50849
49736 50850
47750 50851
50162 51104
48651 51105
46160 51106
46160 51107
50841 51108
47750 51109
50841 51110
50162 51111
47990 51112
46160 51113
50841 51114
50162 51115
47990 51116
47750 51117
46160 51118
47992 51119
52113 51120
47750 51121
47992 51122
52113 51123
46160 51124
46160 51125
46160 51126
46160 51127
47750 51128
47990 51129
50162 51130
47750 51131
50162 51132
47992 51133
47990 51134
47992 51135
47992 51136
52113 51137
52113 51138
50841 51139
52113 51140
47990 51141
47990 51142
46160 51143
50841 51144
48645 51145
50841 51146
46160 51147
50162 51148
47750 51149
47990 51150
47992 51151
47750 51152
46160 51460
50841 51461
50841 51462
50162 51463
47990 51464
46160 51465
47750 51467
46160 51468
47990 51469
50841 51471
50162 51472
47750 51714
47992 51715
47750 51716
47750 51717
52113 51718
47992 51719
52113 51720
52113 51721
50841 51722
48651 51723
47990 51724
49736 51725
48645 51726
50841 51727
47750 51728
48645 51729
47992 51730
47750 51731
47992 51732
47750 51733
52113 51734
52113 51735
50841 51736
52113 51737
47990 51738
50841 51739
46160 51740
50841 51741
46160 51742
52113 51743
48645 51744
47990 51745
52113 51746
46160 51747
50841 51748
52113 51749
47990 51750
50841 51751
47990 51752
50841 51753
46160 51754
46160 51755
47992 51756
47992 51757
52113 51758
52113 51759
48645 51768
47750 51769
48645 51770
47750 51771
47992 51772
47750 51773
52113 51774
47750 51775
52113 51776
47992 51777
47750 51778
49736 51779
50841 51780
49736 51781
47992 51782
50841 51783
52113 51784
50841 51785
52113 51786
47992 51787
50841 51788
52113 51789
47990 51790
49736 51791
47990 51792
49736 51793
48645 51794
46160 51795
47750 51796
47990 51797
47750 51798
48645 51799
47992 51800
48645 51801
47990 51802
47750 51803
48645 51804
48645 51805
46160 51806
47990 51807
48645 51808
47990 51809
50841 51810
46160 51811
47990 51812
48645 51813
46160 51814
47990 51815
46160 51816
47990 51817
49736 51852
49736 51853
49736 51854
47990 51855
47990 51856
46160 51857
47990 51858
49736 51859
52113 51860
47990 51861
49736 51862
47990 51863
49736 51864
46160 51865
47990 51866
48645 51867
46160 51868
45689 51869
48645 51870
47750 51871
48645 51872
47992 51873
47992 51874
52113 51875
47992 51876
49736 51877
52113 51878
49736 51879
48645 51880
47990 51881
49736 51882
46160 51883
47990 51884
46160 51885
47990 51886
48645 51887
46160 51888
47750 51889
48645 51890
47750 51891
48645 51892
47992 51893
47992 51894
47992 51895
47992 51896
52113 51897
52113 51898
45689 51956
52113 51957
47992 51958
52113 51959
49736 51960
47992 51961
49736 51962
47992 51963
47990 51964
49736 51965
46160 51966
47992 51967
46160 51968
47990 51969
48645 51970
47990 51971
45689 51972
48645 51973
45689 51974
45689 51975
45689 51976
45689 51977
47992 51978
45689 51979
52113 51980
47992 51981
49736 51982
47992 51983
46160 51984
52113 51985
48645 51986
47990 51987
48645 51988
47990 51989
47992 51990
46160 51991
52113 51992
48645 51993
52113 51994
47992 51995
49736 51996
47992 51997
46160 51998
49736 51999
48645 52000
48645 52001
48645 52002
45689 52003
46160 52088
45689 52089
52113 52090
48651 52091
48651 52092
52113 52093
52113 52094
49736 52095
46160 52096
49736 52098
48286 52100
48286 52101
49736 52102
48645 52103
45689 52105
48286 52106
45689 52107
48645 52108
45689 52110
48651 52111
45689 52112
52113 52113
48651 52114
49736 52115
52113 52116
48286 52117